0057
0068
0061
0074
0020
0061
0020
006d
0065
0073
0073
002c
0020
0079
006f
0075
0020
0077
0069
006c
006c
0020
006e
0065
0065
0064
0020
0074
006f
0020
0072
0065
006f
0072
0064
0065
0072
0020
0065
0076
0065
0072
0079
0074
0068
0069
006e
0067
0020
0074
006f
0020
0067
0065
0074
0020
0074
0068
0065
0020
0070
0072
0069
0063
0065
0057
0068
0061
0074
0020
0061
0020
006d
0065
0073
0073
002c
0020
0079
006f
0075
0020
0077
0069
006c
006c
0020
006e
0065
0065
0064
0020
0074
006f
0020
0072
0065
006f
0072
0064
0065
0072
0020
0065
0076
0065
0072
0079
0074
0068
0069
006e
0067
0020
0074
006f
0020
0067
0065
0074
0020
0074
0068
0065
0020
0070
0072
0069
0063
0065
0057
0068
0061
0074
0020
0061
0020
006d
0065
0073
0073
002c
0020
0079
006f
0075
0020
0077
0069
006c
006c
0020
006e
0065
0065
0064
0020
0074
006f
0020
0072
0065
006f
0072
0064
0065
0072
0020
0065
0076
0065
0072
0079
0074
0068
0069
006e
0067
0020
0074
006f
0020
0067
0065
0074
0020
0074
0068
0065
0020
0070
0072
0069
0063
0065
0057
0068
0061
0074
0020
0061
0020
006d
0065
0073
0073
002c
0020
0079
006f
0075
0020
0077
