137
195
96
20
97
29
22
81
198
108
59
127
105
23
147
4
55
191
106
114
178
24
182
146
129
140
194
35
171
121
123
38
152
80
133
205
48
155
179
157
56
189
180
186
151
184
162
26
126
175
18
47
213
160
116
32
25
115
69
78
54
50
21
15
28
144
1
46
120
57
190
45
58
14
40
124
104
49
183
158
141
153
89
39
192
117
76
19
125
150
187
168
53
130
204
41
210
159
212
206
68
73
138
196
67
71
52
185
36
156
122
66
72
9
82
145
181
199
95
84
37
90
119
201
188
98
93
65
79
64
136
92
142
107
3
177
167
10
118
33
27
166
172
164
12
203
51
110
132
44
174
8
77
208
17
91
102
42
134
62
149
88
13
207
113
139
173
99
165
63
34
128
163
131
209
75
202
11
109
6
16
94
169
200
101
170
100
103
193
70
135
61
86
7
60
87
111
5
211
43
2
85
31
176
197
154
74
161
112
30
143
83
148
