104
97
32
117
97
116
99
32
32
109
103
111
111
101
99
111
101
111
110
116
105
32
121
32
116
103
115
101
97
111
109
32
115
101
116
116
32
101
105
115
114
116
32
108
32
97
32
114
32
114
32
114
116
112
32
101
32
109
115
101
114
32
118
101
105
110
118
101
101
32
101
103
114
44
105
32
110
32
99
114
109
116
32
116
32
105
87
101
119
116
100
104
114
32
101
97
32
112
32
116
116
32
104
44
32
105
116
115
32
119
104
121
100
108
104
116
108
101
104
116
32
105
114
115
101
32
44
114
101
111
116
105
100
111
112
87
87
32
101
100
117
97
117
87
111
101
111
119
114
101
104
111
32
115
32
104
118
111
111
101
32
110
121
121
101
44
32
32
103
32
111
32
114
108
116
101
97
108
101
121
32
110
121
105
121
116
100
32
114
97
119
108
101
32
104
101
115
101
103
101
101
110
117
32
101
100
114
101
104
101
116
114
103
